0 0.501563 0.949239 0.500000 0.954315 0.501563 0.957699 0.503906 0.957699 0.505469 0.956007 0.506250 0.952623 0.504687 0.950931 0.501563 0.949239
0 0.472656 0.868020 0.474219 0.871404 0.475781 0.868020 0.474219 0.866328 0.472656 0.868020
0 0.462500 0.830795 0.462500 0.842640 0.463281 0.846024 0.465625 0.851100 0.465625 0.861252 0.464062 0.866328 0.464062 0.869712 0.465625 0.873096 0.468750 0.871404 0.468750 0.864636 0.466406 0.854484 0.466406 0.847716 0.467969 0.840948 0.467969 0.832487 0.467187 0.829103 0.462500 0.830795
0 0.458594 0.746193 0.457031 0.747885 0.457031 0.751269 0.458594 0.754653 0.460938 0.754653 0.461719 0.756345 0.463281 0.758037 0.459375 0.761421 0.454688 0.759729 0.452344 0.764805 0.449219 0.766497 0.452344 0.771574 0.453125 0.776650 0.454688 0.786802 0.454688 0.800338 0.458594 0.802030 0.459375 0.817259 0.459375 0.810491 0.458594 0.802030 0.457031 0.798646 0.456250 0.795262 0.456250 0.791878 0.458594 0.786802 0.459375 0.783418 0.459375 0.778342 0.460938 0.774958 0.463281 0.774958 0.464844 0.776650 0.466406 0.780034 0.471094 0.781726 0.471875 0.788494 0.473438 0.791878 0.475000 0.793570 0.478125 0.795262 0.479687 0.798646 0.479687 0.800338 0.482031 0.805415 0.483594 0.800338 0.483594 0.785110 0.483594 0.781726 0.482812 0.780034 0.482031 0.776650 0.478125 0.778342 0.477344 0.776650 0.475781 0.774958 0.478125 0.769882 0.478906 0.769882 0.480469 0.766497 0.478906 0.764805 0.476562 0.763113 0.471875 0.763113 0.469531 0.761421 0.467969 0.758037 0.467969 0.754653 0.468750 0.752961 0.468750 0.749577 0.467187 0.746193 0.458594 0.746193
0 0.415625 0.698816 0.415625 0.710660 0.417187 0.707276 0.417187 0.700508 0.415625 0.698816
0 0.442969 0.693739 0.442188 0.697124 0.442969 0.707276 0.441406 0.714044 0.442188 0.719120 0.446875 0.719120 0.448437 0.720812 0.448437 0.725888 0.447656 0.725888 0.446094 0.729272 0.445312 0.736041 0.445312 0.741117 0.446875 0.744501 0.447656 0.747885 0.449219 0.741117 0.450000 0.739425 0.451562 0.737733 0.453125 0.737733 0.454688 0.736041 0.456250 0.732657 0.454688 0.729272 0.453906 0.729272 0.451562 0.724196 0.451562 0.720812 0.453125 0.715736 0.452344 0.712352 0.450000 0.708968 0.447656 0.712352 0.446094 0.712352 0.443750 0.705584 0.446094 0.700508 0.448437 0.700508 0.450781 0.703892 0.452344 0.698816 0.450781 0.693739 0.448437 0.697124 0.445312 0.697124 0.442969 0.693739
0 0.450781 0.676819 0.447656 0.681895 0.446094 0.681895 0.442969 0.678511 0.442969 0.686971 0.444531 0.685279 0.446094 0.681895 0.448437 0.681895 0.450781 0.685279 0.451562 0.680203 0.450781 0.676819
0 0.431250 0.658206 0.429688 0.659898 0.428125 0.664975 0.432812 0.670051 0.434375 0.670051 0.435937 0.666667 0.435937 0.663283 0.434375 0.661591 0.432812 0.661591 0.431250 0.658206
0 0.474219 0.615905 0.473438 0.619289 0.472656 0.622673 0.474219 0.624365 0.474219 0.615905
0 0.463281 0.296108 0.464844 0.297800 0.466406 0.301184 0.467969 0.301184 0.470313 0.304569 0.474219 0.299492 0.475000 0.304569 0.475781 0.306261 0.477344 0.307953 0.478906 0.309645 0.482031 0.309645 0.483594 0.313029 0.485938 0.313029 0.488281 0.316413 0.489844 0.321489 0.490625 0.324873 0.491406 0.331641 0.491406 0.348562 0.490625 0.358714 0.489844 0.360406 0.489063 0.365482 0.487500 0.368866 0.487500 0.379019 0.489063 0.382403 0.489844 0.392555 0.491406 0.395939 0.496094 0.394247 0.498437 0.394247 0.503906 0.397631 0.506250 0.399323 0.510156 0.406091 0.511719 0.406091 0.513281 0.407783 0.514844 0.411168 0.515625 0.416244 0.516406 0.423012 0.516406 0.434856 0.514844 0.439932 0.514062 0.448393 0.513281 0.461929 0.513281 0.477157 0.517188 0.485618 0.518750 0.485618 0.526563 0.483926 0.528906 0.482234 0.531250 0.477157 0.532813 0.475465 0.536719 0.473773 0.539062 0.468697 0.539844 0.465313 0.539844 0.455161 0.539062 0.443316 0.536719 0.431472 0.536719 0.424704 0.538281 0.421320 0.538281 0.417936 0.540625 0.412860 0.542188 0.411168 0.544531 0.411168 0.546875 0.409475 0.550781 0.404399 0.552344 0.399323 0.553906 0.399323 0.554688 0.401015 0.557031 0.401015 0.558594 0.402707 0.560156 0.404399 0.565625 0.411168 0.567969 0.416244 0.568750 0.419628 0.569531 0.424704 0.570312 0.429780 0.571875 0.441624 0.572656 0.448393 0.572656 0.458545 0.573438 0.467005 0.574219 0.470389 0.578125 0.472081 0.589844 0.470389 0.592187 0.467005 0.594531 0.467005 0.596094 0.465313 0.598437 0.460237 0.599219 0.456853 0.600000 0.443316 0.600781 0.436548 0.601562 0.431472 0.602344 0.428088 0.603125 0.426396 0.604688 0.424704 0.609375 0.424704 0.610938 0.426396 0.613281 0.431472 0.614062 0.436548 0.617969 0.438240 0.627344 0.434856 0.630469 0.434856 0.631250 0.439932 0.632812 0.443316 0.633594 0.448393 0.634375 0.453469 0.634375 0.456853 0.633594 0.458545 0.633594 0.463621 0.632812 0.467005 0.632031 0.470389 0.628906 0.477157 0.627344 0.482234 0.626563 0.485618 0.626563 0.489002 0.625000 0.494078 0.626563 0.500846 0.626563 0.504230 0.625000 0.507614 0.624219 0.510998 0.623437 0.521151 0.621094 0.526227 0.620313 0.529611 0.619531 0.536379 0.619531 0.546531 0.618750 0.548223 0.618750 0.556684 0.619531 0.563452 0.621875 0.568528 0.626563 0.568528 0.632031 0.565144 0.636719 0.563452 0.638281 0.563452 0.642188 0.570220 0.642188 0.575296 0.642969 0.578680 0.643750 0.582064 0.645312 0.585448 0.646094 0.588832 0.645312 0.605753 0.643750 0.607445 0.642188 0.609137 0.638281 0.610829 0.635938 0.614213 0.632031 0.622673 0.630469 0.624365 0.628906 0.626058 0.626563 0.626058 0.621094 0.632826 0.618750 0.634518 0.614062 0.636210 0.607031 0.636210 0.606250 0.639594 0.603125 0.642978 0.601562 0.646362 0.599219 0.658206 0.596875 0.663283 0.596094 0.670051 0.596094 0.676819 0.596875 0.683587 0.599219 0.692047 0.599219 0.697124 0.600000 0.698816 0.600000 0.702200 0.599219 0.714044 0.597656 0.725888 0.594531 0.739425 0.590625 0.746193 0.589063 0.749577 0.588281 0.752961 0.588281 0.756345 0.586719 0.761421 0.585156 0.766497 0.583594 0.769882 0.581250 0.773266 0.579688 0.774958 0.576562 0.776650 0.571094 0.776650 0.567187 0.774958 0.564063 0.769882 0.562500 0.776650 0.561719 0.783418 0.560937 0.798646 0.560937 0.807107 0.561719 0.817259 0.564063 0.825719 0.564844 0.832487 0.564844 0.868020 0.562500 0.881557 0.561719 0.900169 0.561719 0.906937 0.562500 0.920474 0.561719 0.939086 0.560937 0.952623 0.560156 0.959391 0.559375 0.964467 0.557031 0.974619 0.556250 0.978003 0.552344 0.976311 0.550781 0.972927 0.550781 0.971235 0.547656 0.966159 0.546094 0.962775 0.542969 0.952623 0.542188 0.950931 0.540625 0.949239 0.539844 0.949239 0.536719 0.944162 0.533594 0.942470 0.531250 0.940778 0.525000 0.940778 0.522656 0.944162 0.516406 0.944162 0.514062 0.937394 0.514062 0.934010 0.516406 0.927242 0.516406 0.920474 0.515625 0.915398 0.514844 0.912014 0.514062 0.910321 0.510156 0.903553 0.510156 0.898477 0.511719 0.893401 0.514844 0.893401 0.516406 0.895093 0.517188 0.896785 0.518750 0.896785 0.519531 0.895093 0.522656 0.893401 0.521094 0.890017 0.517188 0.890017 0.516406 0.891709 0.514844 0.893401 0.511719 0.893401 0.509375 0.888325 0.508594 0.888325 0.506250 0.883249 0.507812 0.879865 0.512500 0.881557 0.516406 0.878173 0.519531 0.879865 0.521094 0.857868 0.519531 0.861252 0.518750 0.866328 0.516406 0.871404 0.511719 0.871404 0.509375 0.873096 0.507812 0.876481 0.507812 0.879865 0.506250 0.883249 0.504687 0.884941 0.501563 0.893401 0.504687 0.900169 0.508594 0.901861 0.506250 0.908629 0.507031 0.912014 0.507031 0.915398 0.507031 0.922166 0.505469 0.925550 0.501563 0.925550 0.497656 0.935702 0.496875 0.927242 0.494531 0.918782 0.489844 0.918782 0.487500 0.915398 0.481250 0.915398 0.478125 0.906937 0.471875 0.908629 0.471094 0.905245 0.471094 0.900169 0.472656 0.896785 0.474219 0.895093 0.477344 0.896785 0.478906 0.895093 0.480469 0.893401 0.478906 0.891709 0.478125 0.890017 0.475781 0.888325 0.472656 0.888325 0.469531 0.886633 0.470313 0.879865 0.477344 0.879865 0.478906 0.879865 0.480469 0.881557 0.482031 0.888325 0.482031 0.869712 0.484375 0.861252 0.484375 0.856176 0.482812 0.834179 0.487500 0.829103 0.489063 0.825719 0.487500 0.820643 0.486719 0.817259 0.489063 0.810491 0.489063 0.796954 0.490625 0.791878 0.491406 0.761421 0.490625 0.742809 0.490625 0.727580 0.492969 0.710660 0.492969 0.703892 0.492188 0.697124 0.490625 0.693739 0.490625 0.692047 0.489063 0.690355 0.488281 0.686971 0.487500 0.681895 0.488281 0.678511 0.490625 0.673435 0.492969 0.663283 0.492969 0.653130 0.491406 0.648054 0.491406 0.639594 0.492188 0.636210 0.494531 0.629442 0.495312 0.624365 0.496094 0.617597 0.496094 0.612521 0.495312 0.610829 0.495312 0.604061 0.494531 0.598985 0.492188 0.597293 0.490625 0.593909 0.487500 0.587140 0.488281 0.582064 0.488281 0.578680 0.487500 0.573604 0.485938 0.570220 0.484375 0.576988 0.484375 0.588832 0.487500 0.587140 0.490625 0.593909 0.487500 0.598985 0.485938 0.600677 0.483594 0.598985 0.479687 0.590525 0.478125 0.588832 0.476562 0.592217 0.475000 0.597293 0.474219 0.602369 0.474219 0.605753 0.472656 0.602369 0.470313 0.600677 0.466406 0.598985 0.462500 0.600677 0.460938 0.597293 0.460156 0.592217 0.459375 0.588832 0.458594 0.587140 0.456250 0.585448 0.453125 0.571912 0.450781 0.565144 0.451562 0.560068 0.455469 0.554992 0.457813 0.549915 0.458594 0.536379 0.460156 0.532995 0.460938 0.529611 0.460938 0.526227 0.459375 0.521151 0.459375 0.516074 0.460156 0.487310 0.459375 0.478849 0.458594 0.475465 0.456250 0.470389 0.455469 0.467005 0.454688 0.463621 0.454688 0.458545 0.453906 0.455161 0.453125 0.451777 0.450000 0.445008 0.447656 0.434856 0.446094 0.429780 0.442969 0.424704 0.442969 0.421320 0.442188 0.419628 0.442188 0.416244 0.442969 0.407783 0.445312 0.399323 0.445312 0.394247 0.446875 0.385787 0.448437 0.377327 0.450781 0.368866 0.453906 0.362098 0.454688 0.358714 0.454688 0.351946 0.453906 0.348562 0.450781 0.340102 0.450781 0.323181 0.453125 0.316413 0.453906 0.307953 0.456250 0.301184 0.458594 0.296108 0.463281 0.296108
