0 0.344531 0.758037 0.344531 0.761421 0.342969 0.764805 0.341406 0.764805 0.342187 0.766497 0.343750 0.766497 0.346094 0.761421 0.346094 0.756345 0.344531 0.758037
0 0.375000 0.712352 0.375781 0.714044 0.377344 0.714044 0.376563 0.717428 0.374219 0.719120 0.372656 0.722504 0.371875 0.722504 0.370312 0.729272 0.369531 0.739425 0.371875 0.744501 0.374219 0.746193 0.376563 0.746193 0.378125 0.742809 0.378125 0.734349 0.378906 0.729272 0.382031 0.722504 0.384375 0.722504 0.386719 0.719120 0.392188 0.720812 0.394531 0.727580 0.395313 0.727580 0.397656 0.732657 0.401562 0.742809 0.403906 0.749577 0.403906 0.761421 0.403125 0.764805 0.399219 0.773266 0.396094 0.778342 0.392969 0.776650 0.389062 0.783418 0.388281 0.786802 0.387500 0.793570 0.384375 0.805415 0.380469 0.817259 0.378125 0.822335 0.374219 0.827411 0.373437 0.829103 0.372656 0.834179 0.371094 0.837563 0.369531 0.839255 0.366406 0.835871 0.363281 0.830795 0.360938 0.825719 0.359375 0.830795 0.358594 0.834179 0.359375 0.876481 0.358594 0.879865 0.357812 0.883249 0.356250 0.886633 0.353906 0.888325 0.350781 0.890017 0.342187 0.891709 0.337500 0.883249 0.333594 0.883249 0.331250 0.879865 0.326562 0.879865 0.322656 0.876481 0.318750 0.876481 0.315625 0.874788 0.314844 0.873096 0.313281 0.873096 0.312500 0.874788 0.310156 0.874788 0.307812 0.876481 0.306250 0.878173 0.303906 0.881557 0.300781 0.888325 0.298438 0.891709 0.296875 0.893401 0.293750 0.895093 0.290625 0.898477 0.286719 0.906937 0.284375 0.905245 0.282813 0.901861 0.283594 0.891709 0.284375 0.884941 0.285938 0.878173 0.285938 0.871404 0.287500 0.866328 0.287500 0.856176 0.288281 0.854484 0.288281 0.851100 0.290625 0.847716 0.292187 0.842640 0.292969 0.829103 0.292969 0.807107 0.293750 0.803723 0.295312 0.800338 0.297656 0.798646 0.300000 0.798646 0.305469 0.802030 0.310156 0.802030 0.314844 0.800338 0.317188 0.798646 0.318750 0.796954 0.321094 0.791878 0.322656 0.790186 0.325781 0.788494 0.328906 0.783418 0.330469 0.783418 0.332031 0.781726 0.333594 0.778342 0.333594 0.776650 0.334375 0.774958 0.335938 0.773266 0.337500 0.771574 0.339844 0.773266 0.340625 0.776650 0.347656 0.774958 0.349219 0.769882 0.350000 0.761421 0.351562 0.758037 0.351562 0.754653 0.349219 0.751269 0.357031 0.747885 0.356250 0.739425 0.358594 0.737733 0.360156 0.734349 0.360156 0.732657 0.363281 0.730964 0.364844 0.736041 0.362500 0.741117 0.366406 0.742809 0.366406 0.737733 0.364844 0.736041 0.363281 0.730964 0.364844 0.729272 0.367188 0.724196 0.369531 0.722504 0.370312 0.720812 0.371094 0.715736 0.372656 0.712352 0.375000 0.712352
0 0.381250 0.708968 0.382812 0.708968 0.384375 0.705584 0.382031 0.705584 0.381250 0.708968
0 0.392188 0.695431 0.389062 0.698816 0.386719 0.698816 0.389062 0.698816 0.392188 0.705584 0.392188 0.708968 0.392188 0.695431
0 0.394531 0.690355 0.396875 0.690355 0.400000 0.688663 0.394531 0.690355
0 0.410938 0.675127 0.413281 0.675127 0.414062 0.673435 0.416406 0.671743 0.410938 0.675127
0 0.460938 0.663283 0.455469 0.664975 0.453125 0.670051 0.453125 0.692047 0.453906 0.700508 0.454688 0.703892 0.458594 0.710660 0.459375 0.714044 0.461719 0.725888 0.461719 0.732657 0.457813 0.741117 0.458594 0.747885 0.459375 0.751269 0.460938 0.754653 0.464062 0.758037 0.462500 0.759729 0.460938 0.763113 0.460938 0.766497 0.462500 0.768190 0.464844 0.768190 0.465625 0.766497 0.467969 0.766497 0.468750 0.756345 0.470313 0.756345 0.473438 0.747885 0.472656 0.744501 0.470313 0.739425 0.469531 0.739425 0.467187 0.734349 0.466406 0.729272 0.464844 0.724196 0.467969 0.715736 0.467969 0.710660 0.468750 0.707276 0.470313 0.705584 0.472656 0.698816 0.475000 0.690355 0.476562 0.683587 0.476562 0.680203 0.475000 0.676819 0.473438 0.671743 0.471094 0.666667 0.468750 0.664975 0.462500 0.663283 0.460938 0.663283
0 0.485938 0.553299 0.485938 0.575296 0.486719 0.571912 0.486719 0.566836 0.485938 0.553299
0 0.664844 0.000000 0.664844 0.003384 0.665625 0.006768 0.666406 0.008460 0.667969 0.011844 0.671875 0.013536 0.673438 0.015228 0.677344 0.025381 0.679688 0.021997 0.680469 0.021997 0.681250 0.016920 0.682813 0.013536 0.684375 0.003384 0.684375 0.000000 0.664844 0.000000
0 0.455469 0.000000 0.455469 0.003384 0.458594 0.005076 0.461719 0.010152 0.464062 0.011844 0.470313 0.011844 0.473438 0.016920 0.475781 0.018613 0.478125 0.020305 0.481250 0.021997 0.484375 0.023689 0.488281 0.025381 0.491406 0.025381 0.494531 0.021997 0.497656 0.020305 0.500000 0.021997 0.502344 0.023689 0.507031 0.028765 0.510938 0.033841 0.514844 0.042301 0.515625 0.045685 0.516406 0.050761 0.517188 0.057530 0.521875 0.043993 0.525000 0.037225 0.526563 0.035533 0.528125 0.033841 0.531250 0.032149 0.533594 0.032149 0.535156 0.033841 0.536719 0.037225 0.541406 0.037225 0.542969 0.033841 0.544531 0.032149 0.546094 0.033841 0.546875 0.038917 0.548438 0.047377 0.550000 0.052453 0.553906 0.060914 0.555469 0.062606 0.559375 0.064298 0.562500 0.065990 0.564844 0.065990 0.566406 0.064298 0.567969 0.062606 0.568750 0.060914 0.569531 0.057530 0.569531 0.054146 0.570312 0.050761 0.571875 0.045685 0.573438 0.042301 0.576562 0.038917 0.578906 0.037225 0.585156 0.037225 0.587500 0.032149 0.588281 0.028765 0.589063 0.025381 0.589844 0.020305 0.589844 0.011844 0.591406 0.006768 0.591406 0.000000 0.604688 0.000000 0.604688 0.005076 0.607031 0.011844 0.610156 0.003384 0.610156 0.000000 0.646094 0.000000 0.646875 0.010152 0.646094 0.030457 0.644531 0.038917 0.645312 0.049069 0.646875 0.050761 0.648438 0.052453 0.650781 0.052453 0.653125 0.054146 0.654687 0.055838 0.659375 0.065990 0.661719 0.076142 0.661719 0.082910 0.660937 0.086294 0.660156 0.089679 0.658594 0.094755 0.644531 0.123519 0.641406 0.130288 0.641406 0.165821 0.642969 0.174281 0.642188 0.192893 0.642188 0.201354 0.642969 0.204738 0.645312 0.206430 0.648438 0.211506 0.651563 0.218274 0.652344 0.221658 0.653125 0.225042 0.653906 0.231810 0.653125 0.240271 0.650781 0.250423 0.647656 0.257191 0.646875 0.260575 0.646094 0.265651 0.646875 0.269036 0.648438 0.272420 0.649219 0.272420 0.650781 0.275804 0.651563 0.279188 0.651563 0.282572 0.651563 0.294416 0.650781 0.299492 0.647656 0.307953 0.646094 0.311337 0.642969 0.314721 0.639844 0.321489 0.637500 0.324873 0.633594 0.328257 0.629687 0.335025 0.621094 0.353638 0.617188 0.358714 0.613281 0.367174 0.609375 0.370558 0.606250 0.377327 0.605469 0.380711 0.605469 0.385787 0.609375 0.394247 0.611719 0.395939 0.613281 0.399323 0.614062 0.402707 0.614844 0.407783 0.614844 0.423012 0.616406 0.429780 0.616406 0.448393 0.615625 0.456853 0.614844 0.463621 0.613281 0.468697 0.604688 0.487310 0.603906 0.492386 0.603906 0.502538 0.603125 0.509306 0.600781 0.521151 0.599219 0.524535 0.596875 0.539763 0.595313 0.543147 0.595313 0.544839 0.594531 0.546531 0.593750 0.546531 0.592187 0.549915 0.590625 0.551607 0.589063 0.553299 0.586719 0.554992 0.581250 0.556684 0.575781 0.556684 0.575781 0.551607 0.577344 0.543147 0.577344 0.534687 0.575781 0.531303 0.571094 0.543147 0.564844 0.554992 0.561719 0.566836 0.559375 0.571912 0.554688 0.580372 0.553906 0.585448 0.553125 0.595601 0.553125 0.607445 0.553906 0.639594 0.555469 0.646362 0.556250 0.661591 0.556250 0.678511 0.558594 0.695431 0.558594 0.715736 0.557813 0.776650 0.557031 0.786802 0.556250 0.798646 0.553906 0.808799 0.552344 0.813875 0.550781 0.812183 0.549219 0.808799 0.547656 0.808799 0.546094 0.810491 0.543750 0.815567 0.541406 0.822335 0.540625 0.825719 0.540625 0.830795 0.538281 0.830795 0.536719 0.832487 0.535937 0.842640 0.533594 0.854484 0.533594 0.859560 0.534375 0.862944 0.536719 0.868020 0.541406 0.868020 0.542969 0.864636 0.544531 0.862944 0.544531 0.874788 0.541406 0.868020 0.537500 0.868020 0.535937 0.871404 0.535937 0.874788 0.532031 0.878173 0.528906 0.879865 0.525000 0.881557 0.517188 0.883249 0.516406 0.878173 0.512500 0.869712 0.505469 0.869712 0.502344 0.874788 0.499219 0.876481 0.496094 0.883249 0.496094 0.884941 0.493750 0.890017 0.490625 0.893401 0.486719 0.903553 0.483594 0.898477 0.483594 0.893401 0.484375 0.888325 0.485156 0.884941 0.485938 0.881557 0.488281 0.879865 0.491406 0.873096 0.492188 0.866328 0.496094 0.857868 0.498437 0.851100 0.499219 0.847716 0.500000 0.842640 0.500000 0.837563 0.499219 0.835871 0.499219 0.829103 0.498437 0.824027 0.495312 0.817259 0.495312 0.808799 0.493750 0.802030 0.493750 0.790186 0.492969 0.783418 0.491406 0.778342 0.490625 0.773266 0.490625 0.764805 0.489063 0.759729 0.489063 0.751269 0.488281 0.747885 0.485156 0.741117 0.485156 0.734349 0.485938 0.730964 0.490625 0.722504 0.491406 0.708968 0.491406 0.705584 0.490625 0.702200 0.485938 0.693739 0.485156 0.688663 0.489844 0.688663 0.491406 0.685279 0.492969 0.675127 0.493750 0.661591 0.493750 0.648054 0.495312 0.641286 0.496094 0.631134 0.496875 0.614213 0.496094 0.610829 0.496094 0.607445 0.494531 0.602369 0.492969 0.590525 0.492188 0.583756 0.491406 0.576988 0.491406 0.538071 0.487500 0.529611 0.485938 0.524535 0.483594 0.514382 0.482031 0.505922 0.482031 0.499154 0.481250 0.492386 0.474219 0.477157 0.469531 0.477157 0.466406 0.478849 0.458594 0.485618 0.454688 0.485618 0.450781 0.477157 0.446094 0.475465 0.446094 0.473773 0.444531 0.472081 0.442969 0.468697 0.440625 0.468697 0.439063 0.465313 0.436719 0.470389 0.435937 0.470389 0.432031 0.478849 0.431250 0.482234 0.430469 0.485618 0.430469 0.489002 0.431250 0.531303 0.432031 0.558376 0.432812 0.578680 0.433594 0.595601 0.435156 0.610829 0.435156 0.639594 0.436719 0.653130 0.437500 0.659898 0.438281 0.663283 0.445312 0.664975 0.441406 0.664975 0.439844 0.668359 0.439844 0.675127 0.439063 0.676819 0.439063 0.681895 0.439844 0.692047 0.440625 0.702200 0.441406 0.708968 0.442969 0.712352 0.443750 0.729272 0.443750 0.744501 0.444531 0.761421 0.445312 0.769882 0.447656 0.781726 0.447656 0.808799 0.448437 0.813875 0.448437 0.820643 0.446875 0.824027 0.442969 0.824027 0.440625 0.817259 0.441406 0.800338 0.440625 0.796954 0.439063 0.793570 0.439063 0.778342 0.440625 0.763113 0.440625 0.747885 0.439063 0.742809 0.439063 0.727580 0.438281 0.714044 0.437500 0.703892 0.436719 0.698816 0.435156 0.693739 0.434375 0.675127 0.432812 0.668359 0.432812 0.658206 0.433594 0.656514 0.433594 0.648054 0.432812 0.641286 0.431250 0.636210 0.431250 0.614213 0.429688 0.595601 0.429688 0.561760 0.428906 0.544839 0.427344 0.539763 0.427344 0.507614 0.426563 0.492386 0.424219 0.487310 0.422656 0.487310 0.421875 0.489002 0.418750 0.490694 0.407813 0.490694 0.404687 0.489002 0.405469 0.482234 0.407813 0.473773 0.408594 0.470389 0.409375 0.465313 0.410156 0.458545 0.410156 0.416244 0.409375 0.412860 0.407813 0.407783 0.402344 0.392555 0.399219 0.385787 0.386719 0.360406 0.382812 0.350254 0.380469 0.343486 0.378125 0.335025 0.377344 0.331641 0.376563 0.328257 0.374219 0.313029 0.372656 0.301184 0.372656 0.294416 0.373437 0.292724 0.373437 0.285956 0.371875 0.282572 0.366406 0.282572 0.362500 0.279188 0.358594 0.279188 0.356250 0.280880 0.353906 0.282572 0.352344 0.284264 0.350000 0.289340 0.349219 0.294416 0.346875 0.299492 0.345313 0.307953 0.342969 0.313029 0.342187 0.318105 0.341406 0.328257 0.340625 0.340102 0.339062 0.340102 0.339844 0.336717 0.340625 0.323181 0.341406 0.307953 0.339844 0.299492 0.340625 0.289340 0.337500 0.282572 0.332813 0.284264 0.329688 0.285956 0.326562 0.292724 0.327344 0.301184 0.328906 0.306261 0.328906 0.321489 0.327344 0.324873 0.327344 0.328257 0.325781 0.331641 0.325000 0.335025 0.324219 0.340102 0.324219 0.346870 0.323437 0.350254 0.318750 0.360406 0.317188 0.367174 0.314063 0.373942 0.313281 0.377327 0.313281 0.384095 0.310156 0.392555 0.310937 0.401015 0.310156 0.417936 0.312500 0.423012 0.314063 0.424704 0.316406 0.421320 0.317969 0.421320 0.320312 0.416244 0.321094 0.411168 0.321094 0.399323 0.322656 0.387479 0.325781 0.375635 0.325000 0.370558 0.326562 0.363790 0.328125 0.360406 0.330469 0.358714 0.331250 0.355330 0.331250 0.353638 0.332031 0.350254 0.332813 0.348562 0.334375 0.346870 0.335938 0.346870 0.337500 0.343486 0.338281 0.341794 0.339062 0.340102 0.340625 0.340102 0.339844 0.357022 0.342187 0.368866 0.342969 0.375635 0.342187 0.389171 0.342187 0.395939 0.342969 0.397631 0.342969 0.406091 0.343750 0.409475 0.347656 0.424704 0.350781 0.436548 0.354687 0.445008 0.357031 0.451777 0.357031 0.460237 0.357812 0.461929 0.357031 0.470389 0.352344 0.465313 0.350000 0.463621 0.346094 0.463621 0.344531 0.467005 0.342969 0.472081 0.342187 0.475465 0.341406 0.483926 0.340625 0.487310 0.337500 0.492386 0.335156 0.499154 0.335156 0.500846 0.333594 0.504230 0.332031 0.497462 0.330469 0.494078 0.329688 0.494078 0.327344 0.489002 0.325781 0.487310 0.323437 0.485618 0.321094 0.485618 0.317969 0.490694 0.316406 0.489002 0.315625 0.487310 0.315625 0.485618 0.314063 0.482234 0.313281 0.472081 0.309375 0.458545 0.306250 0.451777 0.305469 0.446701 0.301563 0.438240 0.300000 0.436548 0.298438 0.434856 0.295312 0.443316 0.292969 0.445008 0.292187 0.443316 0.290625 0.443316 0.288281 0.448393 0.288281 0.450085 0.286719 0.453469 0.283594 0.446701 0.279687 0.441624 0.274219 0.441624 0.272656 0.445008 0.271094 0.446701 0.267969 0.439932 0.264062 0.434856 0.258594 0.421320 0.256250 0.417936 0.253906 0.416244 0.248438 0.416244 0.243750 0.417936 0.241406 0.419628 0.239063 0.421320 0.235937 0.429780 0.235156 0.426396 0.235156 0.421320 0.234375 0.419628 0.234375 0.416244 0.235156 0.414552 0.235156 0.409475 0.238281 0.401015 0.242969 0.390863 0.243750 0.385787 0.246094 0.380711 0.249219 0.367174 0.251563 0.360406 0.252344 0.358714 0.253125 0.358714 0.254688 0.355330 0.264844 0.333333 0.269531 0.321489 0.272656 0.314721 0.275000 0.311337 0.276562 0.309645 0.278125 0.309645 0.279687 0.307953 0.283594 0.301184 0.285156 0.299492 0.286719 0.297800 0.289062 0.297800 0.290625 0.296108 0.293750 0.291032 0.297656 0.289340 0.300781 0.282572 0.306250 0.275804 0.308594 0.274112 0.314844 0.272420 0.316406 0.270728 0.319531 0.265651 0.328906 0.257191 0.333594 0.255499 0.338281 0.257191 0.353906 0.255499 0.358594 0.257191 0.360156 0.258883 0.361719 0.262267 0.363281 0.262267 0.364844 0.263959 0.367969 0.270728 0.369531 0.272420 0.371094 0.274112 0.375000 0.275804 0.379688 0.274112 0.381250 0.270728 0.382812 0.269036 0.384375 0.267343 0.387500 0.267343 0.388281 0.265651 0.390625 0.265651 0.396094 0.269036 0.400781 0.269036 0.407031 0.255499 0.407813 0.252115 0.407813 0.248731 0.411719 0.231810 0.414062 0.226734 0.414844 0.221658 0.415625 0.216582 0.416406 0.206430 0.414844 0.197970 0.414062 0.189509 0.419531 0.189509 0.421094 0.172589 0.421094 0.138748 0.420312 0.133672 0.415625 0.133672 0.412500 0.135364 0.410938 0.138748 0.410938 0.143824 0.411719 0.159052 0.413281 0.170897 0.413281 0.186125 0.411719 0.187817 0.410938 0.182741 0.410156 0.181049 0.407031 0.175973 0.400000 0.159052 0.399219 0.153976 0.396094 0.147208 0.395313 0.143824 0.394531 0.137056 0.392188 0.130288 0.391406 0.116751 0.390625 0.111675 0.389844 0.106599 0.387500 0.098139 0.386719 0.093063 0.385937 0.084602 0.385937 0.071066 0.386719 0.065990 0.387500 0.060914 0.389844 0.054146 0.393750 0.045685 0.394531 0.042301 0.394531 0.037225 0.392188 0.035533 0.392188 0.032149 0.391406 0.030457 0.391406 0.027073 0.392188 0.025381 0.392188 0.020305 0.393750 0.015228 0.394531 0.010152 0.397656 0.005076 0.398438 0.000000 0.455469 0.000000
